1	34782	1000	0
2	28674	0	93
3	46363	123456789	0
4	27201	0	9
5	22161	0	23
6	19069	0	0
7	15206	0	0
8	30783	0	0
9	16739	0	0
10	12418	0	4
11	17421	0	0
12	19071	0	1
contig-95_7241	213	0	0
contig-95_7244	212	0	0
contig-95_7247	212	6	0
contig-95_7248	212	0	0
contig-95_7252	211	97	11
contig-95_7254	210	0	0
contig-95_7256	210	0	0
contig-95_7257	210	142	53
contig-95_7261	210	2	0
contig-95_7267	209	0	0
contig-95_7268	209	2	0
contig-95_7270	209	0	0
contig-95_7271	209	0	0
contig-95_7324	201	0	0
contig-95_7332	200	28	0
*	0	0	286894
